#BEGINNINGOFHEADER
#ENDOFHEADER
# NB_ENSEMBLES
0

# Ram 
(1.0; 0; 0.0)                     
100.0                              
0.0                              
2.2, 0.1                                 
0.20				    
0.10				    

# Top
(0.0; 0.0; 1.0)                     
100.0                              
0                              
2.2, 0.1                                 
0.20				    
0.10				    

# Bottom
(0.0; 0; -1.0)                     
100.0                              
0                              
2.2, 0.1                                 
0.20		      	            
0.10				    

# Port
(0.0; 1.0; 0.0)                    
100.0
0                          
2.2, 0.1                                
0.20				    
0.10				    

# Starboard
(0.0; -1.0; 0.0)                    
100.0
0                          
2.2, 0.1                                
0.20				    
0.10				    

# Wake
(-1.0; 0.0; 0.0)                    
100.0
0                                
2.2, 0.1                                
0.20				    
0.10				    

# Deployable attached to top
(0; 0.70710678; 0.70710678)
100
0
2.2, 0.1
0.20
0.10

# Deployable attached to bottom
(0; -0.70710678; -0.70710678)
100
0
2.2, 0.1
0.20
0.10
