NAVSTAR 43 (USA 132)
1 24876U 97035A   16366.04552647  .00000063  00000-0  00000+0 0  9994
2 24876  55.5920 233.7322 0038575 107.6858 252.8298  2.00561885142457
NAVSTAR 46 (USA 145)
1 25933U 99055A   16366.79369162 -.00000028 +00000-0 +00000-0 0  9996
2 25933 051.5175 084.9792 0164604 092.3176 017.1894 02.00560615126291
NAVSTAR 47 (USA 150)
1 26360U 00025A   16366.93820025 +.00000062 +00000-0 +00000-0 0  9993
2 26360 053.0947 161.8674 0045067 087.2883 226.2529 02.00569452121980
NAVSTAR 48 (USA 151)
1 26407U 00040A   16366.88304257 -.00000049 +00000-0 +00000-0 0  9996
2 26407 056.6754 351.6702 0203174 269.0662 286.9098 02.00568219120666
NAVSTAR 49 (USA 154)
1 26605U 00071A   16366.70333630 +.00000062 +00000-0 +00000-0 0  9992
2 26605 055.1624 231.5021 0088459 248.7970 084.5232 02.00570445118257
NAVSTAR 50 (USA 156)
1 26690U 01004A   16366.80436369 +.00000064 +00000-0 +00000-0 0  9999
2 26690 053.0188 164.8250 0176108 254.5975 267.5810 02.00555658116661
NAVSTAR 51 (USA 166)
1 27663U 03005A   16366.60179882 -.00000050 +00000-0 +00000-0 0  9991
2 27663 056.7466 351.4108 0088724 020.5011 092.0543 02.00570025102029
NAVSTAR 52 (USA 168)
1 27704U 03010A   16366.59490947 -.00000006 +00000-0 +00000-0 0  9990
2 27704 053.7626 105.1835 0238761 261.1080 168.9634 02.00552435100823
NAVSTAR 53 (USA 175)
1 28129U 03058A   16366.74007458 +.00000063 +00000-0 +00000-0 0  9994
2 28129 052.9033 164.8378 0075274 255.6219 103.5204 02.00567918095500
NAVSTAR 54 (USA 177)
1 28190U 04009A   16366.75523644 -.00000038 +00000-0 +00000-0 0  9993
2 28190 055.9098 052.5509 0100172 050.8154 324.2931 02.00567507093703
NAVSTAR 55 (USA 178)
1 28361U 04023A   16366.73310278 +.00000065 +00000-0 +00000-0 0  9993
2 28361 054.1422 226.7824 0112831 216.6335 058.6711 02.00576257091757
NAVSTAR 56 (USA 180)
1 28474U 04045A   16366.75672644 -.00000005 +00000-0 +00000-0 0  9997
2 28474 054.1464 104.5796 0165983 243.1333 048.8446 02.00559699089145
NAVSTAR 57 (USA 183)
1 28874U 05038A   16366.79772505 -.00000039  00000-0  00000+0 0  9991
2 28874  56.0709  49.7877 0118073 252.3196 171.1781  2.00577546 82549
NAVSTAR 58 (USA 190)
1 29486U 06042A   16366.80676922 -.00000017 +00000-0 +00000-0 0  9992
2 29486 055.5062 288.9843 0086135 340.1955 015.0119 02.00569513075141
NAVSTAR 59 (USA 192)
1 29601U 06052A   16366.26075302 -.00000052  00000-0  00000+0 0  9995
2 29601  56.7187 350.3453 0060602  43.0315 317.4485  2.00572036 74162
NAVSTAR 60 (USA 196)
1 32260U 07047A   16366.07578201  .00000068  00000-0  00000+0 0  9996
2 32260  53.2697 223.3063 0088584  30.5300 330.0690  2.00557121 67546
NAVSTAR 61 (USA 199)
1 32384U 07062A   16366.44466101 -.00000039  00000-0  00000+0 0  9995
2 32384  56.1311  50.3721 0006503 327.8370  71.9703  2.00561457 66280
NAVSTAR 62 (USA 201)
1 32711U 08012A   16366.98049205 -.00000016  00000-0  00000+0 0  9991
2 32711  55.2321 288.3866 0101860 211.4385 147.9931  2.00570394 64470
NAVSTAR 64 (USA 206)
1 35752U 09043A   16366.92034280 +.00000068 +00000-0 +00000-0 0  9992
2 35752 054.2376 166.2995 0047936 030.1120 312.3090 02.00564832054079
NAVSTAR 65 (USA 213)
1 36585U 10022A   16366.44808016 -.00000052  00000-0  00000+0 0  9992
2 36585  56.0336 347.2728 0057372  41.2099  61.9202  2.00566421 48293
NAVSTAR 66 (USA 232)
1 37753U 11036A   16366.79353213 -.00000000 +00000-0 +00000-0 0  9992
2 37753 055.3575 107.4558 0059689 029.9980 052.0908 02.00560898039993
NAVSTAR 67 (USA 239)
1 38833U 12053A   16366.17066460 -.00000015  00000-0  00000+0 0  9994
2 38833  54.2614 285.5026 0051963  21.9456 338.3199  2.00559196 31050
NAVSTAR 68 (USA 242)
1 39166U 13023A   16366.52502911 -.00000041 +00000-0 +00000-0 0  9997
2 39166 055.7801 046.8672 0040544 013.1798 346.9965 02.00565694026593
NAVSTAR 69 (USA 248)
1 39533U 14008A   16366.52696264 -.00000021 +00000-0 +00000-0 0  9992
2 39533 054.4168 290.7566 0023675 184.0806 175.9376 02.00556601020418
NAVSTAR 70 (USA 251)
1 39741U 14026A   16366.30950699 -.00000004  00000-0  00000+0 0  9994
2 39741  55.3456 106.9945 0007003 274.0601  85.8610  2.00573164 19228
NAVSTAR 71 (USA 256)
1 40105U 14045A   16366.39943169 +.00000067 +00000-0 +00000-0 0  9993
2 40105 054.6640 226.6132 0006338 102.5796 257.5790 02.00558188016817
NAVSTAR 72 (USA 258)
1 40294U 14068A   16366.76280706 +.00000070 +00000-0 +00000-0 0  9993
2 40294 054.9824 167.1559 0002824 015.2315 344.7593 02.00577813015925
NAVSTAR 73 (USA 260)
1 40534U 15013A   16366.40745069 -.00000055 +00000-0 +00000-0 0  9994
2 40534 054.9939 346.5401 0015451 341.9291 018.0202 02.00568442012530
NAVSTAR 74 (USA 262)
1 40730U 15033A   16366.07337312 -.00000042  00000-0  00000+0 0  9990
2 40730  55.3154  46.6329 0025029 302.6131  57.2154  2.00576482 10710
NAVSTAR 75 (USA 265)
1 41019U 15062A   16366.12164587  .00000066  00000-0  00000+0 0  9996
2 41019  54.9936 166.9627 0021157 197.5424 162.3678  2.00563017  8531
NAVSTAR 76 (USA 266)
1 41328U 16007A   16366.70495668  .00000067  00000-0  00000+0 0  9991
2 41328  54.9239 226.7422 0007519 219.2489 140.7831  2.00562672  6600
