#BEGINNINGOFHEADER
#ENDOFHEADER
# NB_ENSEMBLES
0

# Body front
(1.0; 0; 0.0) 
400.0        
0        
2.2, 0.3      
0.20	
0.10	

# Body back
(-1.0; 0; 0.0) 
400.0        
0        
2.2, 0.3      
0.20	
0.10	

# Body top
(0.0; 0; 1.0) 
600.0        
498.0        
2.2, 0.3      
0.20	
0.10	

# Body bottom
(0.0; 0; -1.0) 
600.0        
0        
2.2, 0.3      
0.20	
0.10	

# Body port
(0.0; 1.0; 0.0) 
600.0        
498.0        
2.2, 0.3      
0.20	
0.10	

# Body starboard
(0.0; -1.0; 0.0) 
600.0        
498.0        
2.2, 0.3      
0.20	
0.10	

# Tail
(0.0; 0; 1) 
2400        
2400        
2.2, 0.3      
0.20	
0.10	
